00020301030003000001010100020000020303000102030103030002030100020203020101030302010303020103000300030200000002010303000103030002000101010000010102000003000203020303010001030200000202010300030101000003
03020100010303000002030003000302020200000102000203000100020003000300030200010100030301020102030202000303010101010303010003030102000001010301020203000102010303010102030302010203000202030300010100020002
02020203000100020203000002020202020202000202020300020301010100030000020303020300030101030002020003010202000300000200000101020202030103020200030303000200000200020001030200000100000201010003020200030300
02020302000202000301030102010001000002000002030203030102000201020003020101020302000003030002010201030301030203030000020003020003020200020301010002010103000203020002030300000103010202010001030201000203
03020103030201030301010202010100010102020203020202020001010003000202000303010201030002020201000200010000010201000302000101010303020100020300000203030202000001000202000300030301020203020001020303000303
01000103000002020101020300020003000303030002000200030201020103030002010002000100010002030200020102010200000203020102010200000303010101000301010000020303000102000100010101020201030200000001000203020302
03020002030303000001010300010202000000030103010300020103020303030201010302010303020100010103010000000001030001000303030001020000020101020302000100000203030100020300000002020101010303010002010303020303
02030000000002030002020201020000030201000002000200030302000101000002020100020000030002030201030100000302010301000202000101020103000200010100020001000100010002000303030001000103030100030002000100000103
01000202020301030003020002000301030301030200030300030300020203010003020102000001030301010002030301000303030203020000000203030001020003000100010302030102000203030200000002020103020301010102000002030300
02010202020303010200030303030202000103020002030100010301020102000102000201000300030103020202020002020203020300020303030200010000000100030103030100020202020200030301000100010002030103030100020000020101
03020301030003030202020202030103000001020203020203000001020100020003020000030201000103010103000201020202030203030000000103000003030000030203020003010102020002010002000201010000000002020301000303010203
03030003010302030200010000030103030002020303010003020002020303010003030200030003010100000103010201020103030100010103020303000103030103000001010202010002000100000100030302030302030303010002020103000300
01000202030303000202030103000103030303020301020003010203010202030201010101030103020102000001020103030300010002010102030002010103020101020300030302020302000201010202030002000003020103030302030203010301
01000303020202020201010303020300030302030200010302000202020101010003010100030102010201020000030001000100020000010301030101020101030003000102020203000303000302000201010303000202010103030300010203000200
02020202030000010200000102000003030102000203000302030103020302010303000202000002030200030202020202000201000001010200000200010200020200020003030200010003020303020001010103000103020103010201010202020100
01020302010203030201010003010102030201030202030102020303020300030201010002030103000101030102000001010303020201020100000100020103000200030101020102020200000302010203030301020101000000010302010002000303
00030102000000000100010300020202020000030200010000030203010301030202020203020100020001030203010000030300000100030303010302000303000300000003010001020100020200000301010300000103030100020001030002000300
03030103020001030000010001020000020102010200010001010303010100030203030200030201030202000101000100010103010100020102000201030302020201000301010002020103020101010202000301000000010001020303000303010201
02010301000000000003010100010301010301010103020201030300020200010201000301030200010201020300020003010200020101000301010100030203000203000200000001020302030201010000010000020102030100010003030101010101
00030200010302020203010000010101020000030200030100010303020200020200030201030200000000010302000202020300000102000103010000000102020000010102020303000201030202000001010300030202030103010103030203030300
02030300030300030000010002020203030100030301010103010101000000020000020100000102000100030101000101030303000001020003010102000001010001000200030102000201020103020001010200000001030102000101020100000000
03010301010003030203030103010303030001030100020103030102030002030002030201030102030002030303020202010001020303030202010003030303020002030103000302020102020003000002020103000201000300000200020103030102
00010101010300030103000302030001000103020203000200020002000202000302030303030303010003020302030001010100000201000202030201030000010302030300030103030300010201000303030103010100020002020300000203030202
03020201010103030102030303010303020301000001020000020003030301000103020102020002020201030002010203030002020303030002010201030200030000000200020102000001030200020300000000000202020103030102000201000003
03030303020100030302030000020100020300000103030103010002020002030100010301020100020000000203020301020101020200030003000301030103000100020203020103020000000102030003000103000003010100010200010301000202
03020300010203030203000302020202020202000203020102030101030102000203010002010000020002000101000300030103030000020301000000030100010001020203030003030103010101010303030103000203000101010102030100000101
01020301010101000100030000030100000000020201010103030101030200000201020002000200020000030202000202030301030003010203000301000000030303000302010201010001020101020301020001020300030002030301030101010300
02010302030301010201020101030003000100030100020200010302030303030100030001030000010102030301020202020300030001010300020000000003030303020002020300000000030001030103030302030000000001000200000103030303
01000203010001020302000102010201000203000100000301000000030102020002020303030302020303000200020302000203020303000200010102010302030201020301020103020300030102030102010201030001010302030003020103020101
01030301020202000302000000030300010001000102000002000001000003030001010203020202030102020201000102030302000200000003020000020002000302010100020303010003020102010101000102010003000103010000010303010202
02020203000201000302010300000001030303000102030303030000020303030002030300010203000002000002020300020101030102010101000300010100010100010001000100000203000202020301000002030002000202020101030101010300
03010102020301010203020301010202000302030301020003020202020100000303010301030200000100010201010002030203010003030100020001010300000300030101010001020001010201010000020001020102000102000202020300000001
00030301030303020302020003010003010300030301030301000102000000000003020102000103000302020100020101020201010003000001000001020203010000030001030000020202020000020200020300020202000303030303000200000002
03010203020102000202010000000300030200020001030002020101000300030002020201010200000103010100030003020300030101010201000302020300030203010303000100020200000003010000030002010302030302020303030100000201
03020000030102000302000203010202030100020301010001030003000200000003030302020300010302000001030203000000020201030003010301030102010302030102020300020100020200020100030000020000030202010202020103030002
00020000020302000002000300030202010201030103020002030203020102020301010101030002000003020100010101020202030303010002000201030301010003030101010003020301010103010003010203010301020201020300010202020000
02020103030001020302020000030302000000000201020203000102000300000003000300000202010201020303000201020301000302010001020102000002010102030002000301020300030202010100020003010300030201000301000001020200
00030203020003010003030001030203010100000100020301000203000303010201020100000301020002000002030202030202020000020200020000020103020100000001020103000302010102020100020201010203020102010301020100010001
03000203030101020003010002000000000202020200000101030201020201030003020203010200030202000103000302010001010102030200010200030202020102000002020303030203010003030302030202000302010101020203010200020202
03020201000302020102000302010200020201020003000301030103010201000103030102020101020102000003020103010000010103030201010300030003000300030301020200010303030302030303010202010302010200030101010101020301
03020100020201020201010301000003000300030201030100020102020202000303020100000300030303000100020200020102010101020003000003020003020303020100030103030103000002020103020302020002010200010102020101010000
03020002030300000000030201020201020102030002010202030100020201010303000102020201020101000301020101030301030100020100020100000201020101020003000101030301000100000000020002000300030102030302010203010202
03020102030102010102010101020300010303020301030103020000020301020301000001010102010300000302020203030000000002020101000303010200000000030200030303010101000003000100030200010301010201030101000203030100
01010100020301030000020203030102020100010302020200000203010303030301020000030303010002020101000102000300020301000002020102020003020203020300020102030101000003010201000002020100000002010201030303020301
02010103010302020202000300000300030000010302030300010300020201000001010000030102030202000300020201010002030100000001010200020200030002000101000300010303010001010300010102020202000203020000010203030203
01020101010000020002020001030101030002010103020202000100030203000302030302010200010103020303010303010302020101010000000303010003000301030202020302010202010303010200020102010102000300030302020100010102
00030001000301020100020300020102010301030000030303020002030103020203030300000001030302020301020200030102030202020301020000010103010100020200020103030303000002000103030100030102020100000202020303020200
01020001010202010203010202010302000101000201010302010102010302030100020203000201020301030002030203030301020100000203020103000100030202000103030301020003000200010302030303030300010101030201000202000200
02020300010301020103000000030301000001010000000101000300000003010203010103000000010000020302030000000000020001010201020003000201030002010103010200020002020100000300030100030001010300030200020101000300
02020001030301010202000203020000000101020302030201030002020300000000010100010001030301030001000003010201030100020303000002020201010003030001010302030202020302020103000203010103000001000302000201020300
00030002010302030303010000000303020300030102000200020003030303010302000000020301020201000303000100000203000203020003010201000201030203020201030101030001000101010102020103000201020102020203030103010202
02000100000302030302010303020301010102020103030203010303000001030103020201010000030002000102010203000003000100030202000303000001020300010003030201000303000202020001030103020003000202000303000002000101
00020100020001010003020301020200010101010201000103000200010300010103000303030002020200030201010200000000000201000301010201010102020002020103000303020203020001000000030302000202020201010103030001030302
03030301010203010002020000030002030001000201000003010302020303020000030202000203020000010003030302020001010203020303000203020200010300030302030001020001030002010100030103000201000303010200000203000101
03000001030202020301000300000001000203000103030001020303010003010102000103020103000100000201030203020200000101030003030300030300020303020101010003010301020303020100010301030303030202010001030301030303
02000300010203010300030200000102000100020001030103020103000003000003030302030200010200020101000301010302030001030301010201010202020001010103030000030002000002010202020302030301010000000303020202020002
02020103010302000202020102020301020303010203020103010102030000010000030302020300030101010203010103020201030202000103000200030003020100000001020303030302000201020001010303000101010002020100020003000002
03020300020302010100000301010001020303020203000301030201020200000002000203010001030100030203000201020200010203030002010100010002010302010302020203020300020200020103020300010101020100000201010202010102
01020002020201000001010101010303010100020303030303010002000200020001030003020002000302010101010001030303010303000001030202010101010201020202000001010003000200010303010101030201020101000101030000020303
01000200020300020000000203030203010003030002030102020302010203010001000000010100030101000202010003000302030100010103020002020201000103000303000200030103010102030103000001000102030302010300030000010103
02010003000302020301010301010102030001020302010102010302010301010003000101030202030203020203020301030301030301000300030200010003030301010200030000000201010202030201020001000002000101020003020300020202
02030103000100030201010100000100000102030103020203000001000103000000030302010301010303010002030302020203000003010203030303000200010300010202020102010200010302010003020100020302030100030303010202030200
00030200030101020103000101000101000302000202010202030003010103030002030202020000020101010302000201000102010302020003020203020202030202000000000300000000020100020101000301030003020203010001010203000103
00010200010100010202010201020200030103020002000202020301010201000302010100000303020200010202030300030303010202000001030302030102030103010201000001030101000200010103010003000102000301030101010000030003
01030103020200000102000302020100010202010201000003010303000300020000030101000103030003030201010002020200030202010302010303000300000003010300010302020001010203020200030300030002010102030203000001030301
00030203000003000203020302000200030100030200000200010200030000000102020100030100010101020201000302000101020303000102000202020101010300010303030201030302020203010303030003030102010202030203010001030103
00000102020302030100000000020003010300020102010203010001030203010300030100020001000201020003000200030003030002000102000303020202020203030103010000000003000300030303000003020003010303000101030303020101
03000302010201020102010300030202000201030203000102020002000203000302030202030302030200010000030101000100010003000102030201000002020302010002000103000203020300030000000103010101000201020102020300000301
01010201000301020003030200010202000101010103010002010302030200030200030001010003010303010200020200030202010201010103030101020303020201020201000101010001000303030000030302000200010301000001000200030303
00020101030102020102030200020202020300000200020201020002030102010101020002030203030102020301020301010302000201020303010002030002000300020300010200000201000102020003030302030003020302000301000303020001
00020103010200000001010301020003010002000302020302000100000102000303020200030103010202020300000103030201000101010102030003010203000200020000020302030203020303000101010100000203020201020202000202030003
01010003030202020002020103000002020103020001020200010102030000020302000102030100020300000303020101020300030102010301000301020301020203000000020102010203020302010200030003020301020000000301000201020102
03010101010001020300010103030103020003010003000303010001010002030301030203010000010100010303010301010000000102010002030203010003010102010003020301000001000303020003030301020300000202010100020301010203
03020201020203010100010301030300000100020102020200030000030100010100010302020303010202020102010203000000000202000303000000030200010100010003000003000100000100030000020303010202030300020003010303020100
00000301020301020203030301000101000302020002030302010002000100030202010202000003030000030201010300030302010302020201030101020301030002030000030303030302020201020002000003010202020300000102020100020103
01030301020203000301020100010203030201010300030101010300000102010102020303030103010303030002010200000200030302000300030202020201030200020003020102010302010303000102010003030100020201010002000000010101
02010000010201020100030301000303000003030302010101010102030103030200030302020301020301000103000102010103010102000202000102010303030103010100020102000100000303000100010301030003010301000100030203030100
01010203030300020200010201030100030203020201020301010103020303010301020003020300010201030003030101000200000200030000020300000202030202030100020002030001000000010001000300010200030203000203020302020201
03030101030303010301020000020101030100030001010003030303000303000302010203000202020203020202010300030300010101030001020103000301010103000303010102000002030101000200030003010200030300020300000300010203
03020002020201000303010103020202000000020201010002010003000102030101020000000201030203010300000200020001030201030103030203020001010303000300000100020000030200030202000002010303020300030103020000020001
01030302010201000002000103020003010100010102000200020301030103030002010201000001020101030201020302030301020100030001030003020000020300010003030300010203030303020300020001030200010203030303000302030003
02000303020200000300020201020100010300000300000301030300020201010002010001010302010002030201030303000300010203010101030102010302010302000203010300020001030103030102000203020301010101010203030301030001
00030201000200000300010101000203010001030201010200020101030100020200010103010303020003010201000302010002020102000003010002010003020302000203000103000100010103030000030100030103000200030100020001020001
00020300020303010102020003030102030301020203030101000103020000030102000100010002020001030003030100000302030201030203030203030101000100020100010301020203000002000201020302020200020102010200030100030203
01030100020003030203020001030303010103020203010302020203000301000000010003000101000103000203010000020001010100020003020202030100020100000200000200030301010100010101020303020303010302010001030301010200
01020201000303020003030300010102000200020101020201010202000001000303000303000301000202000002020001030201000001030102010000010300000200020100000103000001010302020203000103000202030101020203010101020201
01010003010101020103030102010202010100020100000102030101010200000100030303030103030202010201020001020101010302030102000301030303000001020100010003000300000102020101010203030300020103020203000301000300
01010000030201010200010301010203020202030102030300010001010202000303030000030002000303030303000200010202000200000202000001020201000100000101020003030102000002010003010000020102030103030201010103010102
02000103010001030103030201030201020200000000030103000303020302010203010003010100010303030100030302010300010202000201000300010002020103030200020003000003020202030300030203020301020202000301000002010102
01010302000102030202000200030101010102010201000301030003000300030300010103010102020000000300010203020101020000020100000203010002000202030202020301030000020001030000020003000303030103000000020302020001
03020001000001010201020000010003030100030301010103000202010102000001020101020001020100000203020001020301030102000203030002010003010002020201020302030000030003000000020001020302000200030300000201020301
02020003000203000301000001030001020103010201010201020103030003020000000202010000030102000201000002020300000001020102000100020201020101030001010001030302020102000200010302010303020201000003020001030301
00000202030301030202000100030201010301010003010003000001010002020203000001000202030201020002020302020103030202000003020200000100000202010002030201000100030003030302030003010003020201010101010300020202
01000200010202030203020300010202020003010303030000000302020302020000010203000202030300000200000100030100010100000102000300030202000002020101030300010000010201020102000003020102010001020302000100020102
02000100030303010100020101000201000002030200010202020102030001000202010003030003010000020301000200000302010203020202000101000103010302000303030103010200030201030201020201020102000302000003020200030300
00030001000302030101020101030102020202010102020102030002030100010001020302000303000000030001000203010302030102000100020002030203010003010103000102030000000001010302020200010202030002000002000102000000
00020103000100010303020302010203000203020301000002010301030101030003020300010302020303000000010303030200020001000201030303010002030101030000010001010302030202000101010202030102010002020001020200030001
01030203030101010102000003000301030103020302000302020300030300030201020103000203020002010102030201020201000102020200030300020202000303030002020300020001020303000300010002010200020203020303000203020300
03030203020300020101030002010201010301020201000003000200030200020202010201030103020300020203010200000302000102000102000003000000000202020202010102030001030303030301020301020201010001020101030201030302
02000002010300030003010102000103010001030002000202030001010103010003030301010200000203000101000101030103020103010000030000020103020302000003010001030101030100000001000103020303010300000300000302020100
