02000101000102020201020200010201000001010000020202020002070201000002020102020102010100020701020001010100000106000101010701000002020002010206020201000601020100060201000002050200000506020105000102020002
02010000010101000001010206020201000201000000010100020001000600020202020201010200020100000005020202010000010200020001000000010205000200020000020002010100020000000201000001000200020201010200000000000502
01000000010001010202000002020701010200010107010200010008000002020000000601000002020100010002080007000001080201010105080102020002010100010200010002000001020001000200010102000000010000020601010200010101
02000200000006000100020201000101000202010000000700000002000000020101000000000601020101020101010201010001020200000202000208020802000201000602020700020200000100010002020201020202010101020002000102020101
00020100010200080002000206020502020702000007020101010207060201050002010200020601010100010000000800080201000202010201010201010201010706020201080201020000010201000000010001000202000802020000020102020102
01020101020008070000020000000201020200000101010002000002010200020102020007010000010001020002010201020001010100000006010202000100000701000200020001020100020202010108000001010000000800000201020001020101
00010200020101000106000002020002000200000102000200000502020208010205010201050000000200010202000202000100020000020007020000000100050201020200020100080202050001010202000202000001000201000102000007000102
00060000020202020208000202010005010001020202000200000202020601000105000002000101000002000200000201000001020201020005020001020101010102010002020100010002020202020101020102000101010000050201020102010002
00020201010100060202010000000800010002020201020202020502000202000101010002000202000102020100010201020201010000050001010602020208000200000102010106000102020101020000020201000002020100050202000102050002
00020201000201020102010200020008000101020000020207020201020000020202010102000801000606010202000001020001010202060100020206010202010200010100000201020100000201010002000200000101020202020000020001020202
02000502000105020001000800010101010002060202000100000000010200000800000100020205020700000001010208000100080201020101000000020102000202010002000000020702000100010600000200000102010002010000020201010101
00000102000200010000000102070002010101000000000000000008060201010100020008000200020000010001000200010205000201020000020101010100000102010107050200010801050200020108020202000202060202020001010201000200
00060102010008000105010108020100010100020200010002010008060200020702080002000202000201010202010200020201000200080201010200000802010201070002080002070001020200000200010000010202020800000001010200000001
02050201020102010100020000080202020600010101020202070201000102000208010100000101060207020702000202000202050001010000010200000101010101020001010101070101010000010800000102000100020000010102020100000106
01000001020001000200020101010201010100000206010102000101060102010206020101010202010002060100000001010000010100010101000000010101000101000100010001000205000101020102060705000007000702070701070000020202
00020206020801020001000206020200020001020001010702010101020501000100020500010200010201010002010100000107020200020101010002000200020002000100000202010101020102000200000000010800000200070201050201060001
01020202080102000000000100080101060200010200000101020107020102000102070200020201000206010002020102020101020202020102010001050701020102080002010700020600020100020201020001010101000100010100000101000100
01010200020101020802010202000101000201020202020102020002000202000000010208010801000002020001020002020100000002020007010101010200010200010802010200010201010207020102000001010200000208000102020201010100
00010000020202020202020006000001020007000102020002000202070005000102060202020601000100010005000201000102020202020102020200000002020200010001010201020002000101010001020101020001020002010001020002010201
07000000000200000202000202000202010608000201000201060601020100010000020002000001020201010700020205020000010102010200080102020201000100060201000102010808010201010201000201020201000202000100020200020100
02000100010201000002010101000100000202000701020101020201010201010100020200000000010002020201020101010001010202000002010108020201010205000102010602000201000100000002020102000000010102050002020100000200
01000100020202010107000101050605080002020000020101010001020001000002000002080700000100020200010002020100080201000702010002000000020200050100020200020702050202000101000802020102010201010201010201020102
00000201000002010202020106020102020602000101000201000200050200020201010100050002010001010100020000020000020101020101010002000201020000010002060200010702020001020102000200050201010001010002020802010107
02010100080100010001000001010002020800060201020102020001000100020100010201000100000001000001010206020102020202020802020200020202000101010000020002000202020002080106010001010200000002000102010102000007
08000002000202000001010102000202000102080102020200010201020102000002000002020001020002010201000201000000080001000001000100000102010201010200050100010202070202010007020001010201020202010102010102020000
00010201020002000200000202000102050202020101000202000601010800000000020000010101000002010202020201000501010007010202010100000000020100020002000000010001000202000000000101010600020000000101020002020102
00020202020101010201000100010000000202010207080000010000000102080802020000020105010205000100080201020008020102020201060100000202020502010006070200020200020200010102070202020001000202020002010001000602
02010100020102020105020801010100020200020001060207010000050102000207020100000002000100000000010202010201060101020002010001080000000101020507020002000102020000010202000201000100000202010201020000000802
01020102000000000105000100020002010500070007020000020101010000020007010102010100010200000102020002020005010202020202020101000001000600010101000001020102020002010201000001010200020201000000010002000102
01010102010000070000010202010201000201020200020008020802000200020202000200020602020101020002010200010802010202020100000702010202010202000000020102020200020600010200000205010202010100010102080002000801
02000100070200020100070707010000000100000102010005000101010202010007000101020000050100020100000202020200010102000001050001010200000101020200000000020202020202010000010202000101010001010100010601000100
02070201060008020202010001070002000000010700000000000105020100020202000201020102020205010002050101000201010100020202060001010102000102010201060002070002020201020002010100010100010002010000000101020001
01020100020000010501020208080001010102000200010100060001020200000102070102010100010201000101000102000101020101020200070702000100000002000202000000010202000200010102020002000200020102010001010002010802
01020102010002000100020101000000020200010200020000020100010500020102010200010000000108020001000107020102010001000008010000010001020206010008000002010201000101020202010202010101000702020000020802050202
08010701020001020001020100020102000000000102020201000101000101000200010200000102020002010201000000050107000105020500020201000101050006000001020600020602020202080201010102000000000002020802000201010200
02000100010202010200000100000702020201010100000101050701000102020102010001020102010002020000000202010101000201000102050202000000010200000000010102010002000702020100050107020100000000050100010000000000
00020201010701000001000502020005000000010001000201020002010202000201010200020108000800000001020601050006020000010000020202020001020800000002010007020100020000000202010101010002020500020102010005010202
01020102020201020000050001080102020100010002000100020000020808020002020006020002010000020200010007000100080100070201020000000002070200020202020200080200000201050201020101010202020202020002020202000007
01020102000002020201000201000202010202060206000102020100010100010008000107000100000201000202020002000702010100010105020200020700070000000202000101000800020200020200000101020102010001020002010007020208
01020200020201010202000001020102020102010000010602010101020000020702010000010200020201010205000601020001020100010001050201000202010201000000000102060202080102010101020207000201020008020000020200020101
02010700000108010002020102010600000002010008020101020705000006020502010200020201010801010500000002080100070200020101000001050502000200020200000001010200010800020201010100000201000201000200000002000200
00020101020101020001020200000100000102020105060101020000000000020101010102000102020100010102070602010100010108000002020001060200010205050002000100010201000200020200010200020002020600020102000002020002
00010001000001020101020002000100010200010201020000020208020000010000000101010008010202020200010201020200010000070202020208000200020200010202010201010200020002010102010002020000020102010101020000000108
07010000000201000001020201050201060601010200020200020202010201010200000001020200020100010201020101010200020200020000020102010100070200000100020102050002000102000001010602020200070000010200010102010001
01010002080205010201000108080102020102020001000100020001080201000202010000020100000207010102020200020101020202020100020202000208020102000200010502070802020105050202010202010000000002020002060802010101
02000001070201010002020001020006020101020201020001000002000701020101010200010000020000000100020208000602000202050102010201010001010102080101020101010202020000000200010700020100010801010201020002020001
02000006020201000002070000010200020102000201050201020801000002010100000000000202010000000002020101000201020101010000020200000101010001010000000101000001010105000002070100000601010001000002020200010100
02010000010202010101000201010102000002020602000200000100020601010202010200010102000701010201000201000106010101010202010702010008020202010502010000010100010001000000020002020000000700000101020100000201
00010007020001020100000200000206000708080201010102010002020506000100000101000102010101060101000001000200010100020000020100000500020700070202080002020101020702020000010100000602000201010101000000020001
01010102050008010102010005020201020102080002000000020002000002010101010002010000060001000102010708020102010208010201000202020101020100060200020000010101010202000002000102010006020102010201080101070201
00020201020102020002080106020101000201020202010702010201010008000102010001070005000001000000010807020201080201020001010100020205020201000201020208010101010000000200010201060002020208020202010201050201
02000002000205020200020102010201020001070001000201010101000202020102000000070200020102020205020101000100010201000200010002020100000102000101020000000000020105010200010100010000010001000000010502020100
01010001010000020000020100010202000002000002020001000001010201000002020001010202020207020000020201010001000201010206000205080201000000010002020001000107000101080000010205020101010100020001010002000000
02000002070102080200010001010202010600020700000002010206010201020102020202020100010202000100000202020201010102080201070202020200000201000102020201010500010601000101000500000102000807020105020001000200
02000000080100020701010002000202010000020101020200050201020200010102000202000100010000010106060102000202080107020102020201000002020200010102000201060206000202000101020102000202000101000101000000010201
00020701000202020001000000020000010702010002020102020102000000060100060000000101020001010005020200010002010200000102010100000202070001070000020202010201000001010101000102080202010201020102000101000001
00020202000102010101020101000108010202010200020202010000000100060202060002000200000101020100000202000102020100000102000101020100000101080102000001020100050102010008000000000101010000010205010000010102
00000105000101000101000006060002010200000200020202000000000200010002010100000202020200010101020101010200000208010001020200000001060202000601000002010201020101010700010201010006020101020202010001010000
07020100010101020202080001070106000201000201000200020200010101000601000102020200010000020101000002010102020002020201080201000202020101010101020206020100000100010000020100020000020001000108000002010200
01000002020701020502020201020200020002000001010001020200010100020201000608020101000002020200000202010805020200020205020201000202010607020002020000010101020000020108010100010007050001000005020005010200
02010000010002050101010200010001020202000101000008010202020102020006020100010102010200000100020100010106000001000102010100000106010102000001020102010102010000010001000001050102000200020102010002080002
01000201000601020206020000020601010801050001010201000000020108080000010200000201000100020101010201050000010001010200000102000701010200000205010701000207020102010201020002010100080100050100080201000001
02020202020107010202020102020201010201010008020002000102010102020008000002000202000202020202020102020001020108020202000100000000020601000202020005000007000200010702000102010205020501010202020000070000
00020002000100000002020000000802020002020201000102020200020000010102050001020100010007020000010002000000020202010006010102000202050200010102000101020000000102000200020006020207020101000202060101000100
01020002000002020202000201000202000200000101020200000201010100010202010002000802000107010100000200020201010000000002020201010000000201000100020200020502010108010202020202010101020600000201000100000102
02000101010208010208080200000102020100020505000102020202020201020008020701010001020807050008000201010000000202020200000000020002010102020100010002020101010101010802050701000802020101070202010001010602
00020202010101080001020202000101010000010101020001020101000002010200000202060201010000020202010501000800010201000002010000020202020001070702000201010200020201020701000000020500010001070702020102020002
07000002020108070101010600060100000202020101010005000200000102000702000202020002060202010102020100020200000000020002020200000101000200010102020102020102000202020100010100010601020000010101020000020101
02020001010100020000010601000001020008000100000201060001000000010000050202020100010100000101000202010101020100010200020200000201010202000202050208000002050001010000000202000200000200020101060101010201
06020101070201020001020100000202020207010000060501000200000801000100000001010100020007010100000102010000010201000200010001010002000101010000010000000805010700010002020101000200020000010007010202010202
01000002000001000002000002000102020000010101000801020501010500010101000100000100020101020100010100050101010001000008020800080100070200020102020202010101010002020201010200000002020102010001010502060100
01010802020206010101000201020002010106010001000100000202060105020001020000010001070000020201000101060102020002020100010200010007020101080100000100020201020100010202010100070001020206010201000102020702
02000001000002000001080201020200020201010006010100020101020102010802010100000202000201070102010101020600000002010201020102020001010200020201000800010201010201020601000102010201020101000100010101010001
00000201010001020100020801010801020500000501050800000101010101020002020001000100000701010200010202010200080502010102020600020202000102010100020200020000000100010100000001010201020200000100020100000701
02010002000200000200020100000001020201000001010202010000020102000101010202000201010001000602010105000102000202020102000200000800000000000102000100010202010200000608000000000107010000020100010102020002
00000201010002010005010201000202010101080101020007020201000801020002010000010205000100020006020101020800020001010000020200020002000101020000000002010000000200020100010202020101020208020001010208080102
01010001020800010102010101020002010008010101020201020002010102000102020100010100000100000000010201050102020501010000000200010002020001020200000100010000020001000201010001050102020202020201000801020200
01000500020102020201020200010102000002010200010600010201060100010102000201010802000200010201020008000005020001000106020701010102000200010502020000020100080001000102020200000201010001000102010802010005
00000002020000060201000001020200000202020201010200080201020200010102000501010101060705000001000000010001020000020001020201020701020100010200010002000100010201000102020002010202010101000101020108000100
02020001000001010000010106020101000201020202060100070002000202010102000001010101000601020100010002000208020202020201020102020207020002000100010001010202000701020100080007000002010001010002010002000002
05020201010200010002000101000102000001000200010000010201010201020201080202020000010802010201020002050002010101000101020100000205010002010502000200000001020207010200010101000102010002010008010101020001
00020202010000000002020200020101010001000702020206020100000101020102000100020002000200020101000200000702020000020102010001000101000200000207020101020100020100020006000202010002000000010002000200020600
01020001010202000101020000000000010202070002010201020202010101000200080101070000000200010005020002010102000201050600020200000205000605010600010802080001000001000102020001000200010001010201050100000008
01020600010000000108020201000101010001000500000100000202020202000000000102010102010000010101020000000002010106000002010001000701000201010001010100050001000202020101000002060702010101000102020102000500
06010700000701010001000101010100020000010101000102020000020102020105010101020001000202020602020001000000000001010000000200010102060008000100010107020108010200000002050207000002000601010002020102010201
02010101000201010101020102050201020202020200010200020201010000000200010200010002000208000100010201010007000007000206010100000200010200020807010102010002070001000200020001000000010100020000020202020202
01010000000100000102020206000202000201020200020002000602010100020801070102000002020600000102020102020000010001000000020102010201020701000001020202080200010200000008020205000002000201000202020602010002
01000201020001000102000202000100010000020201000101020000020001020200000202000200000002020102070202020102000001000200080600020201020102000006010100000102000101000002000201000006010506010202020008000101
06000001010602050702010102010202000101020205010002020206050000080208010101020101020100010001010102000200000100020601000200010202000202020105020100000101020006000000000701000200010202050002020000020000
02000100050102010102060101020200010201010106000200020101020000000202010002020002080108010201010101010501010001020202010102010200020000020106060200000100020202010101010201000001010201010101020002000201
05000206020200010000010101000101080101000501010005020201020102010108010200010100020601070100020002000101070601060002080200000000000000010200020100020101000000010002000202020102020200010100010500020000
01000202000201050002010107000100020202020000070002020201000201000000000101020002000107020200000700020000020202020101010602020100020001050600000007020602000000000802020100020201010107010801000002010000
00010101020001010201020102000201050006000201020208000000020201020202000206000000000101000200000100000000000101000001000106000001020201020102020101000008010102020202020101020708020001010002000202000102
02010201000001000100010200020000010100020200010102000200020502020102020000020100010101010000020200010202020000000201010201080006010000010002020202000101020001000001000102020101020600000001020201080000
02050202080502020601010202020000000000000602000200000700010102010107020202010101020000020201010207010205010202000002080101010201020201010000000002020002020201020001000200010000000005010000010102070602
02010201020001020002020201000101000201020100000107010100060200020002020602020102000001070702020201020201020001010602020101050202010101020005020201020702010000010207010206000701000201020101000106000208
00000201010101010201020000000800020100020800080002000201020100000000010200080201020001000000020001070708000202020105000201000700010101010202020101010001010100020101010106010202010000010800010008000000
02020201020500000001010001000200020600000100050001000701010101010100000201010100000002000001020201010101000101000200010102010201020001020102000201020000010001010201000100050201000002020001050000020206
00020006010800010101010001080000000002010201010001000600020002020101010002010201010000000001020000020102050002010000020201020102010101010101070002000101010802020101000200010201080002000201010001000000
02020208000101000206020100020202020002010102010101010000010201020000020202070002010001010702010001000001020000010101010206000702020001010101000202000200000202020102000500000201000100020200070202020001
