02020103030000020101000202020301030000000300000200000003030303010002000303020203010001010302010002000003000301010101030001030000010001030003010202000002010302020301000100000003020303020003020202020301
01030202000303010102030002030301030101020103030001030302010000020202020202000003020100030101010102000302010200030003020100000203030200010002010103020202020303030102000002000200030200000303020002000302
01000003000300010202030103010202030001010102020300020102010102020200000301030002020102000100030301020000010002010100000101010101030200030302020003010302000201030203010203010303030300010202000101020301
01010100000202010001000000030001030303000201020200000202020303020003000302030000030200000103030103030103000103020002020002020000020100030000030200010202030302000000000100000303010000010102010200010001
02020100020303000203030303020203030203000001030203020101030300000000020301010103020300000301030200030202000202030103030102000003010302030003030002010203030203020003020001010303010002020203030201020002
01030201020100000101010302020103000301010001000200020001000002010203030101000201010203000300030000030201000000030301030301020002010002030102010203020203000102020101020303020002030101020002000301010101
03030101030100020302020202010100010102000303020300020200000302000000010303020301020002010303000203020203030202030001030100000302030201010002030000000000030200000302020100010001020101000102030001010300
01010203000001030203030202010003020000010202000203000002020203000002030003020002030103020100000300030103010002030101030302030303030200020301030101000101010200010003010202000201010301000202000000010001
00010002010101030100020303020300010101000100030300000301030302020003030100020300010001010301000000000202030202020100030301000301010102010100030200010001000003020003030003020001030101020001000302030003
00030103020300030201020201000303010001020203020103020302000201030103030103030300000100010202000102000200030303010202010302030001010200010102000301020301010203010002030300030001010001030003010303000301
02000302000201020000020001020303000302020102000100010302000000030302030303030003030000010303030303030103000001010201020101020101020103030201020101010002000200020303000100000303020003020002020003020201
00010101030101010301020100000003030101010200010000000201020202020301030201000300030303030002010200030302020202030000020300030203030200010103020301020001010100000203000103020003000201000303020000000302
00010100020100000100010003020301030201010000030303010201000003030000020002030200020003020201020001030302030001030101000200000200010201010201010300020300010100000302030301000301000200000300030001000001
03000201000300000102010100010300020201020301010302030003030201000301030200030302010001030303000001020100000301020300020101020301010301000003000100030301010201030203010301020001000300000202020201000101
00030102020103020103020100000100010001010200010203030100030002000203020301010201000001000003020001020202010001010002020003030101010001020001020103000102030103010302030101010000030300020103030003030301
03010201020302030001010103020002000102030302010302020000010101030100030302020103010101020101030103010301030202010201000200000002030202030203000001000201010301010303030102000300010201000103010103010300
02030200000101010300010002000001020002020001000202010201030303010103010003000002030300030203000100020303030303000300030203020203010000030003010102030001000103010002010300000302020102020001020200000000
03010000010200020202020302010301030200000300020100030003030302030003030103020301000103030103000300000302000300020000030303010303030302010202000001000100000202020000030200030300030101010103000301030000
02030203030001010201000100020102010302020201000303010000020301020301020103010303000103010001030100020303000100030002020100020101000203030000020100020301020202020203010203010001000003030303000303020100
03030303000200010101030203020101030000000100010203030203020200020003020302020301000302030000020103000302030301000103010002030100030202030303030300030201020303020003000301030103010300030302030203000103
02030101020002010100030301000202010103000103000201000000030001000103030202010301020103030300000301020102030103020102000103030201020303010101030003030000010100020203010102010302030003010301010302000003
03010101030303020202030301010003030203010003010202030002020002010001000100000001020200030303020100010102020303000201020302030102000302020301010001000001030301030000020303000200000200030201020002030002
02030300020101030003000200000202020103000100030202030303020002030100000203010203030302030303000302010303030002020003030103010202030200000002030102000203000100010201000103000202030201020101020003000201
01000000000203010102030301000201010103000001000001020103020200020000030301000200010100030002030203020103000003010202000000020000010201020000010200020200030303030101030002020003030000000103000301010002
02000203020000030000010000010200020003030302030101030102020200030100030202030202020001020002030302020302010302000201010201000000030101020001000200000003030101010202010001000202000302020102000200020102
02010101010001000300000303000202010102010000020302030300010302030000000102030202000202030103020000020102020103030203020001030303030102020103000302010301010103030002020001020003010200010102030103020301
01000003000103000003010202030200010203010303010001020100030300030301000001020302030302010103020000000202030303030202030202000102010200030300000201000301000303020102020002020000010302020002020002010001
00020003030101000201020300010300030002010000030001010302030001000100010301010000020201000102030102030101030203000001010103030000010103000002020300010200020102020302030003010201010102000002010200000100
01030100010200000203030302000103020102020300020100000102000100000102030302030302020103010202030200030000010100030003030200010100000103020203000103030001020203010102030001030200020100030103000102010202
03030201010101000202010300030203000100010302030203030103000100010101010002010301030000020101020301030202020300020302010101000000030201010201010300010102010300020103030300030202020102000002000202000302
03030102010101020003010002010301000001020202010100020100020203030100000001020103020202010101030102030001030102030101000003020101020102010002010100030301030202020201030102030301010303020200030202030301
00030300000200020301010102030100010002020303000002000202030002020101000302000100020001000003030200010101020203030302000000010000020202030201030200000002010000020101000203030101020200000100010302010203
00020000030200010002000303000200030002020100010303020202000003030003020100010000030301020303010301010000020000020202010200020100000103030001020300020001000001000103000200020300030001010101030300030303
01000302000300000202020300010103030102000200020200010102020001010100030201030000030200010102020301030003030003020202030200020000010101010102000302010001030201030101010300030200030001030001000103030102
03010100000001000100010201030002020003000102030303000302020003000001010103020101020302030000030203010003030300010100020000000102010302030100010300020000020001000102030300030100020000010103020302010100
01010302020100010100000003020300020003010003010000010002030202000203000001010003010301020101020001020000010103020003000001010302000103020003020100030302010003000303020300030102000100030002030002020103
00000203010301000102030300000100000202020303010001010300020001020103000000030003010301030101010302000000000100000301020200030302030001020202000100010300020002020200030300010101010002020003000000000102
03030003020203000000020001000102020202030200010200030300020100030102020101000002020102020200020002020202020300020201000302030003020303020103020002010102010302000200010203000300030100000200030002000001
02010001030301020101030003000300030102000002030001030300000103030100030302030003020303000101020003030201000201000000010101000203020201000203010300030301010300000203020302010301030001010200030201020301
02020003000003010101030000000001020100020000010103030301030002000001030103030103030201030102020103020303010302020103000302030000000203030300030302000103020300000101020002030001020000010302020001010300
00000203030202020200000303030100000201010003010303020001020203020101010202020303010001020200000300030300020302030102010000010300030100000200000001010101010301010300000000010101000002020300020303000102
00030101030300010302020201030201020001030102030303030303030200020102010303020101010102020100010001030103010301010303000000020002020003030101020001010303000002000203030000030000030302000203000201020303
03010200000200030101030002020003010302020001010002030002030100010101020001020301030302030301000300000301020200010002030202020201010301000000010201000201020103000301020303000100010300030100010200000003
01000200000301000101030303020102020000000203020301000102020101030303010200020200030202030302000101030100030003010101020300010301020302010100030203000301000003000101020001000102010103020101030100020201
01000302020003020101020203000000020301000000020101000300030200030102020001030202030102030203020000000200010303000302020001020103020102030201030300010200000001020200030201030101000001030201020103000103
02010203020000010101010102000300000201010200010303010000020000000202020103010003020002020102010300030303020000030302020300010203030103020200010203020102020200020002000003020101030003010003000302000003
00020102020302010000010102020100030002010101030301000303010302000300000101020003010200020000000300000301020000010100010102030103030001000303030300010000020203030302030303010002020000020000000101010303
02010001010202030301010102020202020200000001020100030301000003000202020101010103020103020200030201030101020302020302020103000003030203010201020202010103010301000202000103010102010103020100000002020102
03010101000303020300000003000203000201020203020101000302030201030000030001020103010200000002000200000201020200000002000303010000020002010103010103010202020200010103010301020102030001030202030000020003
00030100030102010003000103000203030002020301020002020202020102030101030302000003000103000201010300030303010301020103000002010200010102010201030001010101030000010201020101020101000001000003000200000003
01020103030100000002020201010202020000010200010200000000020203020303030303030302020201000001030001020002020200030201020301020203020300030300030202000201030301010301000200000202020102030000030000000100
02030001000102010103000201030001020300000102010201020203030202000000000003000102020001020300010303000000020200010200000301020201010103020101000202030202010302030302020003000003030000010200000300000103
03030000030003000100000101010301030102020101020102000303020101010302010102000100030200020002020101010001020203030001010002000200010303000102020102030303010101030000030100000302010103030101000202030200
01030001010201020201020001030001020103020100010000030201000102010100020100020302000203010000020300010002030103010201010200010302010202030301000102030003020100010103020000020300030000020003020301010300
01000103010101030102010300030101030300020100020301020301010303030203020201020001030202020003030201020103030301030303000301000002010301010202010100010000010303000100000003000101030203000301010301030101
00000103030002010003030200000001030100020103000001010001020303010000000003020102010003030103010000010303020302010301000303020003010103020001030201010301000103010201010202030200020103000201010302010300
02030201000002010001000102010003010202010200000201010002020302010101020003030300010102030301020303030301010302020000030002030203000300010101020102000203020002030103030000030002000303030302000103030003
01010101010300000200000002030100030100030102010302010300000302030300000003020303030102000300010303010003010303010101020000030102010300000000000101030001010101010203010100030003030101010201000302030001
01010303030300000003020302000000030202020103020201030000000101000101030001020002000101010301000103030102000102030101000102010300010000000302010303020000010203010200030102030103020100020200030003000301
00020003030302020303010000010203020103030302030001010101010203000303010000030203020302030102030303030302010303020000020001020203030201000000030203010100000202030301000300030102010200010301030201020301
02020303030001010003020103020003000301000200030001020202030001000002030203020301000203030302030302020100030303010102020101000000020003000102000202000300020203010001000302030003010301030202010302000202
01030102030300030003010100030100020300010001010200020003010203000103010201000100030001010003030101010002010101030102020103000101010101030101010301030101000303020302030300020002020001000102010300020301
03030302010203000202000000030103010100000103010000010202030202020300010301020300010203010000010200020202020303020300010103020003030200030200030001010102000301010101020000020303020200020100030300020001
03000100030303020101000202010200000001000300030001030103020203000300010303000101010302030102030000000002010001020000010000000303030202010302020001010200020300010003010303000000010202010001000000000301
01030003010202020302030200000001030301020201010300030100010202010101010000010200030100020301020303010103030300010203000301000003010302020200010001030001030001030201020102000001010001000103030300030003
03010301000100030203030203010101000300010002000303000000020300020102000103000203020101010200010203020103010303000002010303000302000001010302030101030303010201030301010201030103000301020200020002000201
03000201010003020001000002030301030200030200030101010200030201010202010102020200030001000301020303030300000201030301000002010203000103020202020200030100010201000200020100010202030100000003020001020202
03030102000000010201000300000103030200020201010103000301000200030100010101000100030003000303030300010301020203020102010301010300030203000303020102020101020200000003020000010203020000010201000000010203
01020200010002010300010302000002020300030202010102010201000201010102010200020200030003010300030203030003010000020302000003010002030200010001010301030300020102010300030302010001000203030300030302020000
03030103010102020003020103000301000203030202020202020301030003010103000101000200010203020201010302030301020201000101020100000003010201030301000001010200030000010303030202000103030303020303020301000103
03030302030003020201020001030202020302010102020202020000020300000301000003000201000203020003000202000200010002000201020300030000000202020203000200030302030000000100030101000000020302030300000102030003
01020101000302010002030201000200010101030302010100000202020102020200020203000301000203020201020300020102000002000103020103000001010102030003030100030200010002020202020002020102010300010102000103030200
00010303000301000103020000000103010302000201010203010002000003000101030300000001020103020102030100020201030202020102000102020301000303030200000300020102000201030003010103010000030203020003020000010302
00020200030203030101020002030201020101020101030201030101010003000002000203030200030102030201000002020302000103020000020201010301020003020301010202020200020102030101030001030201000100030102020300010101
03020000010200030200000003000003000200000302000300010300010200020302030100000300030302000201020103020000010003000300020103020101020300030303000200010203000001000203030100000101010301000301000200010301
01020003000201020003000101020203030002020301010101020003010103000203030200000103030302010102010302010101030003010301010002000203000300020001000302000100020300000102010203010202020003020000030200000201
02020102000301020003000302000302020003020000010002030301010001020003000003010102010302020300000303020303000001030100000201020202020303000103000102020000000303010000000003010302020100000103020101030200
01010103030001020100010102000200000003020302000100030301020001020203020301000000010100020001000200020303020300020100030200010103030001000203000002000102030002010301000000000002000301020302010100010302
03010200000101000303030202000000020301030003010001030101020003020003000001010201000102000200030300000202010103000001020202030303010100010302030200010202010003030003010302000100010200010000010201020001
03000100030002020003000003010102020103010001010302030203000203030301000000020102030302030102030200000203030103000202020002020200020302030203000002020301010103030301000300020200010203010003030301010103
00030201030202030001030303020200000202010003020302020203020100030001000003000103020101000002000201010203000101000200020200010100000101000102030202000002020000000002010100030201030200000000020101030303
03030103030003000201010002010103030102010300010203000202000300020102020300020103030302020002030003030000010102030302010301000300010301020302030103000200000000030002020103020202020100030102020102000102
03030303010103010202030101010101010200020201010301000300020103010101010101030000030202020000020003010203020000030302000003010202020200000302000102030103000301030200010000000003010301010203030300030003
00030101000303000103030102030303020300030203010003010000000303000103020300030101020203010300010101020100030203030201020100000300000101000003000202030301010102020103020203010003030100030100030201030000
00000003030200030302020303000002010102000002000100020301030003010200000002010201020202000103020200010300020300020000000003020301010001020301020200000300000003030200030101000101030203010101020203020201
02030101020302020302000101030200000002020000000300030303000101030200020200020002010202010203020201030201010001030103010302020002030001030002010000020102020001020002010000000001020103010201000000000203
01000200010103030003030301020200000302010200000001030300020002030201030003020201010202020203010103010001010202030000000303000200030201010101030202020002000002020302030200010201000302010000020102020000
03000300030301000203010101030103010201010203020202000202020003030101020003010202000001000100030301020201010303030000030101020201030200010103000102030100030103020103010102020302010001020202020203020200
03010002010201020201020000010002010001020202020200000303010203030100010101020101000000000303010201030301020101030201000302030301000100020001020203020200000202010103030002030301010300030202030303020300
02020202030103010102020301020102000100000300030202010101030302020201000003020303000103010300030002030203020103000202020100030103000103020300010203020203030300010102000100020103010303030300020100010000
03030100000101000102030301020303000002000103000203030303010203010103010201030201020303000101020300020102000203020203030002000100030001000000020201020302030302020002020003010000000003030303000100020000
00000303020202010203020100030201030002020002000203030003000200000201010001000203020001020301030100030002020302030200010301030101020302000302030302010202010202020101010001020003020201030101010002020302
03000300010002030302000302030100000102020003000202020101010201030200020301000201030202030001030002010203020203000202030102030302000200000301030202000003010001000002030302020203010301020001010100020002
00020002000300030301020302020201000002020200030100000001010300030101030301020003020202010300000300000303000002010201000303000301030300010000030203020000020301000000010000030001000200000301020103010001
00000302000000030002010000020302030002000203000302020302020200000103000001030101000101030102000300020301010202030203030202030202020202020201020000000102020303010202000000000201010202030000030301020301
02000101020202030001020302010100030203030302000002030001030002020203010201020201000103030102010200020000000000020001030201020001030200030103010201030002010003010202030101030103010103000302010302030101
00020103030202000200000202010100020000020002030003020202010201000201010203010102030302000101030000030301020100020103010100000102000300000001020102010300020301030202030202000201020302010203010102000101
02000203010002000003000203000000000303030102030202030102020003000002030301000302000101010003020200030202030201000301020301030103010002010001030001000101010201000102010303020201020301000003020102000103
03020301030300000002030302020001010202030102000102030303030201000301030000020303030202020200000300030000020203020201000002020300000102020003020202020303020200000201010300030302000100030001000300030203
00010300030102000003020201010001000003010102010200030001020101010302010203030301020302020302030303000202020202020001030001030101000000010302030000010203020003010300020102010003010102020302030200030300
